# Created by Octave 6.4.0, Sun Apr 03 16:01:13 2022 GMT <unknown@PC1>
# name: x
# type: range
# base, limit, increment
0 1 0.02


# name: tdata
# type: matrix
# rows: 1
# columns: 101
 0 0.10000000000000184 0.19999999999999429 0.29999999999998328 0.39999999999997227 0.49999999999996125 0.59999999999995024 0.69999999999993923 0.79999999999992821 0.8999999999999172 0.99999999999990619 1.0999999999998953 1.1999999999998843 1.2999999999998733 1.3999999999998622 1.4999999999998512 1.5999999999998402 1.6999999999998292 1.7999999999998182 1.8999999999998072 1.9999999999997962 2.1000000000000072 2.2000000000002182 2.3000000000004293 2.4000000000006403 2.5000000000008513 2.6000000000010624 2.7000000000012734 2.8000000000014844 2.9000000000016954 3.0000000000019065 3.1000000000021175 3.2000000000023285 3.3000000000025396 3.4000000000027506 3.5000000000029616 3.6000000000031727 3.7000000000033837 3.8000000000035947 3.9000000000038058 4.0000000000040163 4.1000000000037833 4.2000000000035502 4.3000000000033172 4.4000000000030841 4.5000000000028511 4.600000000002618 4.7000000000023849 4.8000000000021519 4.9000000000019188 5.0000000000016858 5.1000000000014527 5.2000000000012196 5.3000000000009866 5.4000000000007535 5.5000000000005205 5.6000000000002874 5.7000000000000544 5.7999999999998213 5.8999999999995882 5.9999999999993552 6.0999999999991221 6.1999999999988891 6.299999999998656 6.399999999998423 6.4999999999981899 6.5999999999979568 6.6999999999977238 6.7999999999974907 6.8999999999972577 6.9999999999970246 7.0999999999967915 7.1999999999965585 7.2999999999963254 7.3999999999960924 7.4999999999958593 7.5999999999956263 7.6999999999953932 7.7999999999951601 7.8999999999949271 7.999999999994694 8.099999999994461 8.1999999999942279 8.2999999999939948 8.3999999999937618 8.4999999999935287 8.5999999999932957 8.6999999999930626 8.7999999999928296 8.8999999999925965 8.9999999999923634 9.0999999999921304 9.1999999999918973 9.2999999999916643 9.3999999999914312 9.4999999999911982 9.5999999999909651 9.699999999990732 9.799999999990499 9.8999999999902659 9.9999999999900329


# name: udata
# type: matrix
# rows: 101
# columns: 51
 1 1.0099504938362078 1.019803902718557 1.0295630140987 1.0392304845413265 1.0488088481701516 1.0583005244258363 1.0677078252031311 1.0770329614269007 1.0862780491200215 1.0954451150103321 1.1045361017187261 1.1135528725660044 1.1224972160321824 1.131370849898476 1.1401754250991381 1.1489125293076057 1.1575836902790226 1.16619037896906 1.1747340124470731 1.1832159566199232 1.1916375287812984 1.2 1.2083045973594573 1.2165525060596438 1.2247448713915889 1.2328828005937953 1.2409673645990857 1.2489995996796797 1.2569805089976536 1.2649110640673518 1.2727922061357855 1.2806248474865698 1.2884098726725126 1.2961481396815722 1.3038404810405297 1.3114877048604001 1.3190905958272918 1.3266499161421599 1.3341664064126333 1.3416407864998738 1.3490737563232043 1.3564659966250536 1.3638181696985856 1.3711309200802089 1.3784048752090221 1.3856406460551018 1.3928388277184118 1.3999999999999999 1.4071247279470289 1.4142135623730951
 1 1.010884456627301 1.0216509742592434 1.0323024037416293 1.0428413938528327 1.0532703980859397 1.0635916802734671 1.0738073191891977 1.083919212247205 1.0939290784059978 1.1038384603756333 1.1136487262172337 1.12336107041741 1.1329765145143376 1.1424959073475298 1.1519199249994512 1.1612490704939322 1.1704836733136583 1.1796238887967863 1.1886696974707704 1.1976209043797468 1.206477138460168 1.2152378520177691 1.2239023203572699 1.2324696416144323 1.2409387368381342 1.2493083503679547 1.2575770505503221 1.2657432308335794 1.2738051112792839 1.2817607405237359 1.2896079982200548 1.2973445979871618 1.3049680908877377 1.3124758694526593 1.3198651722646164 1.3271330891085646 1.3342765666914573 1.3412924149283707 1.3481773137867055 1.3549278206747164 1.3615403783552162 1.3680113233600038 1.3743368948754082 1.3805132440644392 1.3865364437863776 1.3924024986703465 1.3981073554955006 1.4036469138269982 1.4090170368539503 1.4142135623730951
 1 1.0114993585339564 1.0228577456196513 1.0340779004941199 1.0451622925372619 1.0561131385664013 1.0669324182359989 1.0776218877757779 1.0881830922709355 1.0986173766628868 1.1089258956274137 1.1191096224685546 1.1291693571505912 1.139105733576629 1.1489192262102355 1.1586101561260707 1.1681786965662235 1.177624878070834 1.1869485932443893 1.1961496012126902 1.2052275318197712 1.2141818896089451 1.2230120576275265 1.2317173010906119 1.2402967709355077 1.2487495072949235 1.2570744429138794 1.2652704065323452 1.2733361262529339 1.2812702329104564 1.2890712634578299 1.2967376643806359 1.3042677951506163 1.3116599317264712 1.3189122701085474 1.3260229299523274 1.332989958244051 1.3398113330403232 1.3464849672721764 1.3530087126127495 1.35938036340653 1.3655976606569729 1.3716582960682497 1.3775599161359091 1.3833001262803242 1.3888764950159891 1.3942865581489672 1.3995278229941359 1.4045977726032697 1.4094938699944801 1.4142135623730951
 1 1.0119214792070952 1.023677900372826 1.0352728126281887 1.0467094042335432 1.0579905310812081 1.0691187421839168 1.0800963025260242 1.0909252136013261 1.1016072319168311 1.1121438857042474 1.1225364900491377 1.1327861606206366 1.1428938261615416 1.1528602398788019 1.1626859898574406 1.1723715086062527 1.1819170818309475 1.1913228565193561 1.2005888484137157 1.2097149489366408 1.2187009316300137 1.2275464581595441 1.236251083932016 1.244814263367175 1.2532353548617081 1.2615136254787487 1.2696482553927748 1.277638342116544 1.2854829045338374 1.2931808867591923 1.3007311618434549 1.3081325353418736 1.315383748759529 1.3224834828871586 1.3294303610388392 1.336222952201553 1.3428597741053394 1.3493392962215296 1.3556599426954643 1.3618200952190851 1.3678180958478705 1.3736522497657508 1.3793208280008649 1.3848220700943243 1.3901541867235157 1.3953153622808931 1.4003037574086887 1.4051175114895045 1.4097547450923222 1.4142135623730951
 1 1.0122784763639521 1.0243663383676895 1.036268447833391 1.0479891895932412 1.0595325130260493 1.0709019690152244 1.082100742930391 1.0931316841440419 1.1039973325192327 1.1146999422415051 1.12524150331562 1.1356237610034792 1.145848233442305 1.1559162276505259 1.1658288541019461 1.1755870400258246 1.1851915415708436 1.1946429549540707 1.203941726701458 1.213088163073851 1.2220824387615519 1.2309246049210125 1.239614596618932 1.2481522397418079 1.256537257422629 1.2647692760308278 1.2728478307666706 1.2807723708969314 1.2885422646648301 1.2961568039038056 1.3036152083816466 1.3109166298987864 1.3180601561621568 1.325044814453807 1.3318695751115694 1.3385333548372851 1.3450350198465455 1.3513733888724759 1.3575472360348173 1.3635552935843998 1.3693962545320582 1.3750687751700956 1.3805714774935394 1.3859029515276597 1.3910617575675157 1.3960464283346574 1.4008554710555281 1.4054873694655934 1.4099405857427436 1.4142135623730951
 1 1.012619594699014 1.0250213681271378 1.0372118136260957 1.0491968047785749 1.0609816531886713 1.0725711595336489 1.0839696588225805 1.095181060647701 1.1062088850915799 1.1170562948520804 1.1277261240633576 1.1382209042214708 1.1485428875650028 1.1586940682122253 1.168676201315211 1.1784908204564795 1.1881392534842317 1.1976226369570471 1.2069419293473935 1.2160979231348621 1.2250912559041442 1.2339224205490671 1.242591774672152 1.2510995492588557 1.2594458566966995 1.2676306982016741 1.2756539707074619 1.2835154732670306 1.2912149130108721 1.2987519107015122 1.3061260059198276 1.3133366619150593 1.3203832701472058 1.3272651545476166 1.333981575521054 1.3405317337102296 1.3469147735417868 1.3531297865708911 1.3591758146399515 1.365051852865554 1.3707568524663511 1.3762897234434928 1.3816493371240972 1.386834528577314 1.3918440989116541 1.3966768174614757 1.4013314238698087 1.4058066300740533 1.4101011222004993 1.4142135623730951
